image: /home/iot/catkin_ws/src/my_amcl_launcher/maps/map_402_3.pgm
resolution: 0.050000
origin: [-10.000000, -10.000000, 0.000000]
negate: 0
occupied_thresh: 0.65
free_thresh: 0.196

